place(-18.116, 1.000, -1.880, "Shotgunner", 300)
place(-18.061, 1.000, -3.933, "Shotgunner", 300)
place(-17.993, 1.000, -5.974, "Shotgunner", 300)
place(-17.145, 1.000, 8.242, "Farm", 250)
upgrade(-17.145, 2.059, 8.242, 200)
upgrade(-17.145, 2.059, 8.242, 550)
upgrade(-18.116, 2.350, -1.880, 150)
upgrade(-18.061, 2.350, -3.933, 150)
upgrade(-17.993, 2.350, -5.974, 150)
upgrade(-17.993, 2.350, -5.974, 950)
upgrade(-18.061, 2.350, -3.933, 950)
upgrade(-18.116, 2.350, -1.880, 950)
upgrade(-17.145, 2.059, 8.242, 1000)
place(-20.758, 1.000, 8.652, "Farm", 250)
upgrade(-20.758, 2.059, 8.652, 200)
upgrade(-20.758, 2.059, 8.652, 550)
upgrade(-20.758, 2.059, 8.652, 1000)
place(-9.167, 1.866, 14.552, "Military Base", 400)
place(-9.766, 1.866, 14.273, "Military Base", 400)
upgrade(-9.766, 1.866, 14.273, 200)
upgrade(-9.766, 1.866, 14.273, 400)
place(-14.470, 1.261, 12.925, "Military Base", 400)
upgrade(-14.470, 1.261, 12.925, 200)
upgrade(-14.470, 1.261, 12.925, 400)
upgrade(-9.766, 1.866, 14.273, 1750)
upgrade(-14.470, 1.261, 12.925, 1750)
place(-20.664, 1.000, 4.943, "Farm", 250)
upgrade(-20.664, 2.059, 4.943, 200)
upgrade(-20.664, 2.059, 4.943, 550)
upgrade(-20.664, 2.059, 4.943, 1000)
place(-17.089, 1.000, 4.684, "Farm", 250)
upgrade(-17.089, 2.059, 4.684, 200)
upgrade(-17.089, 2.059, 4.684, 550)
upgrade(-17.089, 2.059, 4.684, 1000)
upgrade(-17.089, 2.059, 4.684, 2500)
place(-13.536, 1.000, 8.282, "Farm", 250)
upgrade(-13.536, 2.059, 8.282, 200)
upgrade(-13.536, 2.059, 8.282, 550)
upgrade(-13.536, 2.059, 8.282, 1000)
place(-13.528, 1.000, 4.772, "Farm", 250)
upgrade(-13.528, 2.059, 4.772, 200)
upgrade(-13.528, 2.059, 4.772, 550)
upgrade(-13.528, 2.059, 4.772, 1000)
upgrade(-13.528, 2.059, 4.772, 2500)
place(-9.708, 1.000, 8.502, "Farm", 250)
upgrade(-9.708, 2.059, 8.502, 200)
upgrade(-9.708, 2.059, 8.502, 550)
upgrade(-9.708, 2.059, 8.502, 1000)
place(-9.388, 1.000, 4.862, "Farm", 250)
upgrade(-9.388, 2.059, 4.862, 200)
upgrade(-9.388, 2.059, 4.862, 550)
upgrade(-9.388, 2.059, 4.862, 1000)
upgrade(-14.470, 1.261, 12.925, 7500)
upgrade(-14.470, 1.261, 12.925, 25000)
upgrade(-9.766, 1.866, 14.273, 7500)
place(-19.357, 1.000, 13.313, "Military Base", 400)
upgrade(-19.357, 1.000, 13.313, 200)
upgrade(-19.357, 1.000, 13.313, 400)
upgrade(-19.357, 1.000, 13.313, 1750)
upgrade(-19.357, 1.000, 13.313, 7500)
upgrade(-19.357, 1.000, 13.313, 25000)
upgrade(-19.357, 1.000, 13.313, 7813)
place(-16.943, 1.866, 18.103, "Military Base", 400)
upgrade(-16.943, 1.866, 18.103, 200)
upgrade(-16.943, 1.866, 18.103, 400)
upgrade(-16.943, 1.866, 18.103, 1750)
upgrade(-16.943, 1.866, 18.103, 7500)
upgrade(-16.943, 1.866, 18.103, 25000)
place(-12.349, 1.866, 18.745, "Military Base", 400)
upgrade(-12.349, 1.866, 18.745, 200)
upgrade(-12.349, 1.866, 18.745, 400)
upgrade(-12.349, 1.866, 18.745, 1750)
upgrade(-12.349, 1.866, 18.745, 7500)
place(-12.643, 1.000, -9.614, "Hacker", 1400)
upgrade(-12.643, 2.351, -9.614, 600)
upgrade(-12.643, 2.351, -9.614, 1250)
upgrade(-12.643, 2.351, -9.614, 7500)
place(-23.848, 1.000, -0.922, "Hacker", 1400)
upgrade(-23.848, 2.351, -0.922, 600)
upgrade(-23.848, 2.351, -0.922, 1250)
place(25.670, 1.000, 18.346, "Mercenary Base", 2000)
upgrade(25.670, 0.975, 18.346, 1000)
upgrade(25.670, 0.975, 18.346, 2000)
upgrade(25.670, 0.975, 18.346, 7000)
place(21.370, 1.000, 19.818, "Mercenary Base", 2000)
upgrade(21.370, 0.975, 19.818, 1000)
upgrade(21.370, 0.975, 19.818, 2000)
upgrade(21.370, 0.975, 19.818, 7000)
place(20.394, 1.000, 6.913, "Mercenary Base", 2000)
upgrade(20.394, 0.975, 6.913, 1000)
upgrade(20.394, 0.975, 6.913, 2000)
upgrade(20.394, 0.975, 6.913, 7000)
upgrade(20.394, 0.975, 6.913, 10000)
upgrade(20.394, 0.975, 6.913, 15000)
upgrade(20.394, 0.975, 6.913, 35000)
upgrade(20.394, 0.975, 6.913, 10229)
upgrade(20.394, 0.975, 6.913, 11118)
upgrade(20.394, 0.975, 6.913, 16810)
upgrade(20.394, 0.975, 6.913, 38041)
upgrade(21.370, 0.975, 19.818, 10000)
upgrade(21.370, 0.975, 19.818, 15000)
upgrade(21.370, 0.975, 19.818, 35000)
upgrade(25.670, 0.975, 18.346, 10000)
upgrade(25.670, 0.975, 18.346, 15000)
upgrade(25.670, 0.975, 18.346, 35000)
upgrade(-9.766, 1.866, 14.273, 25000)
upgrade(-12.349, 1.866, 18.745, 25000)
upgrade(-16.943, 1.866, 18.103, 27537)
upgrade(-19.357, 1.000, 13.313, 28351)
upgrade(-14.470, 1.261, 12.925, 33111)
upgrade(-12.643, 2.351, -9.614, 22000)
upgrade(-12.643, 2.351, -9.614, 25892)
upgrade(-12.643, 2.351, -9.614, 9638)
upgrade(-23.848, 2.351, -0.922, 7500)
upgrade(-23.848, 2.351, -0.922, 22000)
upgrade(-23.848, 2.351, -0.922, 57234)
upgrade(-18.116, 2.350, -1.880, 2500)
upgrade(-18.116, 2.350, -1.880, 6500)
upgrade(-18.061, 2.350, -3.933, 2500)
upgrade(-18.061, 2.350, -3.933, 6500)
upgrade(-18.061, 2.350, -3.933, 50195)
upgrade(-17.993, 2.350, -5.974, 2500)
upgrade(-17.993, 2.350, -5.974, 6500)
place(-17.882, 1.000, -8.176, "Shotgunner", 300)
upgrade(-17.882, 2.350, -8.176, 150)
upgrade(-14.470, 1.261, 12.925, 66342)
upgrade(-17.882, 2.350, -8.176, 950)
upgrade(-17.882, 2.350, -8.176, 2500)
upgrade(-17.882, 2.350, -8.176, 6500)
upgrade(-17.882, 2.350, -8.176, 60383)
place(-17.960, 1.000, -10.590, "Shotgunner", 300)
upgrade(-17.960, 2.350, -10.590, 150)
upgrade(-17.960, 2.350, -10.590, 950)
upgrade(-17.960, 2.350, -10.590, 2500)
upgrade(-14.470, 1.261, 12.925, 78570)
place(-20.134, 1.000, -12.126, "Shotgunner", 300)
upgrade(-20.134, 2.350, -12.126, 150)
upgrade(-20.134, 2.350, -12.126, 950)
upgrade(-20.134, 2.350, -12.126, 2500)
upgrade(-20.134, 2.350, -12.126, 6500)
upgrade(-20.134, 2.350, -12.126, 74545)
place(-20.392, 1.000, -14.831, "Shotgunner", 300)
upgrade(-20.392, 2.350, -14.831, 150)
upgrade(-20.392, 2.350, -14.831, 950)
upgrade(-20.392, 2.350, -14.831, 2500)
upgrade(-20.392, 2.350, -14.831, 6500)
upgrade(-20.392, 2.350, -14.831, 78146)
place(-15.916, 1.000, -9.550, "Shotgunner", 300)
upgrade(-15.916, 2.350, -9.550, 150)
upgrade(-15.916, 2.350, -9.550, 950)
upgrade(-15.916, 2.350, -9.550, 2500)
upgrade(-15.916, 2.350, -9.550, 6500)
upgrade(-15.916, 2.350, -9.550, 67781)
upgrade(-15.916, 2.350, -9.550, 67746)
place(-16.119, 1.000, -11.630, "Shotgunner", 300)
upgrade(-16.119, 2.350, -11.630, 150)
upgrade(-16.119, 2.350, -11.630, 950)
upgrade(-16.119, 2.350, -11.630, 2500)
upgrade(-16.119, 2.350, -11.630, 6500)
place(-17.897, 1.000, -13.030, "Shotgunner", 300)
upgrade(-17.897, 2.350, -13.030, 150)
upgrade(-17.897, 2.350, -13.030, 950)
upgrade(-17.897, 2.350, -13.030, 2500)
upgrade(-17.897, 2.350, -13.030, 6500)
upgrade(-17.897, 2.350, -13.030, 53289)
upgrade(-17.897, 2.350, -13.030, 53289)
place(-18.281, 1.000, -15.631, "Shotgunner", 300)
upgrade(-18.281, 2.350, -15.631, 150)
upgrade(-18.281, 2.350, -15.631, 950)
upgrade(-18.281, 2.350, -15.631, 2500)
upgrade(-18.281, 2.350, -15.631, 6500)
upgrade(-18.281, 2.350, -15.631, 51235)
upgrade(-18.281, 2.350, -15.631, 51235)
place(-14.088, 1.000, -12.098, "Shotgunner", 300)
upgrade(-14.088, 2.350, -12.098, 150)
upgrade(-14.088, 2.350, -12.098, 950)
upgrade(-14.088, 2.350, -12.098, 2500)
upgrade(-14.088, 2.350, -12.098, 6500)
upgrade(-14.088, 2.350, -12.098, 44855)
upgrade(-14.088, 2.350, -12.098, 44835)
place(-11.258, 1.000, -3.526, "Shotgunner", 300)
upgrade(-11.258, 2.350, -3.526, 150)
upgrade(-11.258, 2.350, -3.526, 950)
upgrade(-11.258, 2.350, -3.526, 2500)
upgrade(-11.258, 2.350, -3.526, 6500)
upgrade(-11.258, 2.350, -3.526, 39457)
upgrade(-11.258, 2.350, -3.526, 39430)
place(-12.387, 1.000, -1.399, "Shotgunner", 300)
upgrade(-12.387, 2.350, -1.399, 150)
upgrade(-12.387, 2.350, -1.399, 950)
upgrade(-12.387, 2.350, -1.399, 2500)
upgrade(-12.387, 2.350, -1.399, 6500)
upgrade(-12.387, 2.350, -1.399, 40082)
place(-12.292, 1.000, 0.757, "Shotgunner", 300)
upgrade(-12.292, 2.350, 0.757, 150)
upgrade(-12.292, 2.350, 0.757, 950)
upgrade(-12.292, 2.350, 0.757, 2500)
upgrade(-12.292, 2.350, 0.757, 6500)
upgrade(-12.292, 2.350, 0.757, 38247)
place(-9.061, 1.000, -3.772, "Shotgunner", 300)
upgrade(-9.061, 2.350, -3.772, 150)
upgrade(-9.061, 2.350, -3.772, 950)
upgrade(-9.061, 2.350, -3.772, 2500)
upgrade(-9.061, 2.350, -3.772, 6500)
upgrade(-9.061, 2.350, -3.772, 43609)
place(-9.776, 1.000, -1.666, "Shotgunner", 300)
upgrade(-9.776, 2.350, -1.666, 150)
upgrade(-9.776, 2.350, -1.666, 950)
upgrade(-9.776, 2.350, -1.666, 2500)
upgrade(-9.776, 2.350, -1.666, 6500)
upgrade(-9.776, 2.350, -1.666, 41951)
place(-10.070, 1.000, 0.817, "Shotgunner", 300)
upgrade(-10.070, 2.350, 0.817, 150)
upgrade(-10.070, 2.350, 0.817, 950)
upgrade(-10.070, 2.350, 0.817, 2500)
upgrade(-10.070, 2.350, 0.817, 6500)
place(-6.111, 1.000, -3.223, "Shotgunner", 300)
upgrade(-6.111, 2.350, -3.223, 150)
upgrade(-6.111, 2.350, -3.223, 950)
upgrade(-6.111, 2.350, -3.223, 2500)
upgrade(-6.111, 2.350, -3.223, 6500)
upgrade(-6.111, 2.350, -3.223, 66968)
place(-3.292, 1.000, -3.329, "Shotgunner", 300)
upgrade(-3.292, 2.350, -3.329, 150)
upgrade(-3.292, 2.350, -3.329, 950)
upgrade(-3.292, 2.350, -3.329, 2500)
upgrade(-3.292, 2.350, -3.329, 6500)
upgrade(-3.292, 2.350, -3.329, 83238)
upgrade(-3.292, 2.350, -3.329, 83238)
place(-0.261, 1.000, -3.422, "Shotgunner", 300)
upgrade(-0.261, 2.350, -3.422, 150)
upgrade(-0.261, 2.350, -3.422, 950)
upgrade(-0.261, 2.350, -3.422, 2500)
upgrade(-0.261, 2.350, -3.422, 6500)
